4.0             3.8739603043    1053.60357207   20.4038231296   18661752.0898   2.4616823859    2.02543923292   346.89354865    -19.3211534368  16020325.4619   3169337.41149   -93.8693703622  -172.105337337  3.52390024782   0.375           5.50547031969e-07 
4.0             3.87395228219   1054.77001315   20.4387887127   18779672.8214   2.46171087996   2.02546149336   347.378859879   -19.3320559529  16133543.3592   3237915.67027   -93.7133301915  -161.875782216  3.52186364107   0.375           1.13576548995e-06 
4.0             3.87394444366   1055.74083548   20.4698274751   18867757.0388   2.46173947869   2.02548408064   347.734885047   -19.3414818823  16217707.3574   3278668.71563   -93.6189799862  -152.449661939  3.51767093273   0.375           1.71174110254e-06 
4.0             3.87393673252   1056.63378205   20.4984166703   18947402.458    2.46179326717   2.02553514461   348.050351791   -19.3532014156  16293940.6327   3310934.16578   -93.5566642338  -143.715936702  3.51626403731   0.375           2.28109449754e-06 
4.0             3.87392912381   1057.46788022   20.5249785904   19021292.1167   2.46182947851   2.02556655259   348.32797488    -19.3576212576  16364298.098    3339287.16422   -93.5132331699  -135.603219939  3.51720818491   0.375           2.84480502691e-06 
4.0             3.87392160149   1058.2525235    20.5497991004   19090995.7804   2.4618649191    2.02559720005   348.584796234   -19.3672934027  16430589.7724   3365235.36022   -93.4823632227  -128.053290111  3.51637420616   0.375           3.40350475564e-06 
4.0             3.87391415431   1058.9923658    20.5731004876   19157362.4739   2.46191574927   2.02564524581   348.81565825    -19.3802697851  16493613.0237   3389591.42941   -93.4607814233  -121.01682664   3.51544871051   0.375           3.95762217452e-06 
4.0             3.87390677377   1059.68949929   20.5949894157   19220865.7339   2.4619338648    2.02565654873   349.01531357    -19.3864212553  16554103.0567   3412774.1375    -93.4466566489  -114.4508592    3.51376468273   0.375           4.50747146975e-06 
4.0             3.87389945289   1060.34485657   20.6154545302   19282027.7073   2.46197948287   2.02569887238   349.200548105   -19.3930549633  16612230.1615   3434961.85407   -93.4388608964  -108.317217652  3.51405114107   0.375           5.05330696413e-06 
4.0             3.87389218507   1060.96059129   20.634810359    19341131.8896   2.46204067828   2.02575878644   349.372060642   -19.4013126598  16668537.5533   3456258.90028   -93.4366104037  -102.581189585  3.51032118056   0.375           5.59539209318e-06 
4.0             3.87388496521   1061.53907848   20.6529858009   19398381.8308   2.46205164245   2.02576223018   349.515794192   -19.410223941   16722847.5717   3476839.17805   -93.4392900066  -97.2120874599  3.50892361111   0.4296875       6.13390608525e-06 
4.0             3.87387778896   1062.08153428   20.6701955016   19453982.6876   2.46210150799   2.02580950348   349.644769711   -19.4227139206  16775718.76     3496789.66913   -93.4463637747  -92.1821769898  3.50798878949   0.4296875       6.66899977842e-06 
4.0             3.87387065253   1062.58905958   20.6864477794   19507887.0141   2.46214421612   2.02584876755   349.760500273   -19.4314521721  16827043.257    3516142.12748   -93.4573371106  -87.466284227   3.50565639842   0.4296875       7.20080244512e-06 
4.0             3.87386355225   1063.06328245   20.7018321399   19560418.746    2.46218435514   2.02588518589   349.865327457   -19.4449143787  16877150.5237   3534924.6634    -93.4717412596  -83.0412222185  3.50361979167   0.4296875       7.72945832084e-06 
4.0             3.87385648501   1063.50600431   20.7163731178   19611696.1743   2.46219685187   2.02589054007   349.941381945   -19.4485597976  16925894.8341   3553208.22456   -93.4891296092  -78.8859446471  3.50280446487   0.4296875       8.25508577331e-06 
4.0             3.8738494482    1063.91807887   20.7302199838   19661823.2585   2.46224109767   2.02593165953   350.013333616   -19.4566551288  16973737.4888   3571015.51131   -93.5090784766  -74.9812707421  3.50326721269   0.4296875       8.77778298943e-06 
4.0             3.87384243959   1064.30127659   20.7433594984   19710941.4413   2.46227284085   2.02595873985   350.07161152    -19.4675073297  17020578.0556   3588415.2395    -93.5311881051  -71.309601225   3.50139756944   0.4296875       9.29764103445e-06 
4.0             3.87383545713   1064.6567375    20.7558322603   19759056.1481   2.4623095696    2.02599145915   350.120444991   -19.4765574552  17066684.3584   3605419.71861   -93.5550834764  -67.8547482937  3.50138824347   0.4296875       9.81474730068e-06 
4.0             3.873828499     1064.9855064    20.7677524872   19806244.3431   2.4623506899    2.02602915438   350.155325631   -19.4812224761  17111725.7039   3622043.06292   -93.5804149294  -64.601795665   3.50186031727   0.4296875       1.03291877109e-05 
4.0             3.8738215636    1065.28864973   20.7790806813   19852523.414    2.46239757978   2.02607337588   350.18364812    -19.4928579331  17156082.3395   3638308.39519   -93.6068606268  -61.536998799   3.49999067402   0.4296875       1.08410449192e-05 
4.0             3.87381464954   1065.56740905   20.7898788032   19898035.0051   2.46241814259   2.02608799355   350.192171979   -19.5016316689  17199696.4003   3654259.80962   -93.6341271266  -58.6477043686  3.4995279262    0.43359375      1.1350394312e-05 
4.0             3.87380775568   1065.8235171    20.8002642193   19942866.0013   2.46244813313   2.02611324554   350.196160775   -19.5092609745  17242659.0498   3669914.323     -93.6619492562  -55.9222265403  3.4995279262    0.43359375      1.18573087913e-05 
4.0             3.87380088103   1066.05731814   20.8101775625   19986955.9629   2.46251525605   2.02618030853   350.206325621   -19.5184254663  17285317.567    3685304.93318   -93.6900906977  -53.3497768249  3.5             0.43359375      1.23618563297e-05 
4.0             3.87379402465   1066.26960578   20.8196592883   20030349.0342   2.46254037607   2.02620012576   350.193791507   -19.5261980975  17326877.7936   3700418.35925   -93.7183415728  -50.9203640804  3.49982371051   0.43359375      1.28641046917e-05 
4.0             3.87378718578   1066.46224377   20.8288002044   20073054.1778   2.4625567676    2.02621014402   350.167374077   -19.5300477233  17367950.5985   3715305.47674   -93.7465199201  -48.6247472525  3.49498263889   0.43359375      1.33641175638e-05 
4.0             3.8737803638    1066.63583257   20.8375714953   20115016.1264   2.46258024298   2.02622815792   350.136642941   -19.539530653   17408328.1081   3729955.48655   -93.7744695068  -46.4543682163  3.49498263889   0.43359375      1.38619554591e-05 
4.0             3.87377355808   1066.79058722   20.8459742781   20156340.3962   2.46262173413   2.0262664574    350.102568189   -19.5483185008  17448282.0297   3744375.8591    -93.8020560408  -44.401268523   3.49217817402   0.43359375      1.43576823321e-05 
4.0             3.87376676793   1066.92803124   20.8540814044   20196995.0498   2.4626668119    2.02630881671   350.071122166   -19.5541782634  17487669.8253   3758545.07606   -93.8291654194  -42.4580338033  3.49265024782   0.43359375      1.48513683928e-05 
4.0             3.87375999284   1067.04898436   20.8619241483   20237032.9284   2.46271060918   2.02634975286   350.038491986   -19.5664405941  17526654.1143   3772476.64379   -93.8557071275  -40.6178152308  3.49358506944   0.43359375      1.53430736768e-05 
4.0             3.87375323242   1067.15334022   20.8694852052   20276403.0494   2.46273176008   2.0263652316    349.977452563   -19.5713229198  17564444.9399   3786157.47359   -93.8816101205  -38.8742443097  3.49172475218   0.43359375      1.58328580429e-05 
