4.0             3.87395344745   726.428765592   15.1302282173   14086547.0756   2.46169492863   2.02544488743   234.416488343   -15.4007955342  12513818.1211   1344606.57356   -93.7005086102  -163.171505083  3.56157450436   0.375           1.0535199866e-06 
4.0             3.87393780985   725.833619059   15.1584887102   14152234.9787   2.46178880254   2.02553126122   234.445778958   -15.3973471904  12580249.9352   1352545.7278    -93.4828893516  -144.620515697  3.55376200436   0.375           2.21162928704e-06 
4.0             3.87392250099   725.132871516   15.1786284278   14197497.3693   2.46186709834   2.02560041996   234.342039245   -15.3936818199  12626578.7541   1356482.37743   -93.3338433033  -128.482928694  3.54967946487   0.375           3.35920463876e-06 
4.0             3.87390745002   724.366215007   15.1922935465   14235772.3637   2.46193315749   2.02565607368   234.155734637   -15.3877827578  12665689.6319   1359099.97089   -93.2089591459  -114.388556056  3.54780982162   0.375           4.49857070889e-06 
4.0             3.87389262255   723.557784444   15.2008490449   14268421.7929   2.46201592072   2.02573075292   233.919791167   -15.3873314726  12699490.805    1361058.91051   -93.0966765853  -102.043611665  3.54688432598   0.375           5.63093139517e-06 
4.0             3.87387799828   722.71845067    15.2054552689   14296430.0693   2.46209221202   2.02579833505   233.636678643   -15.3882689306  12728723.3634   1362635.68437   -92.9931996598  -91.2065639685  3.5447282244    0.375           6.75691540684e-06 
4.0             3.87386356298   721.853134956   15.2070970174   14320553.9002   2.46215168978   2.02584718425   233.313742187   -15.3848858265  12754020.8896   1363956.8395    -92.8969048188  -81.6744298891  3.54157118056   0.375           7.87688722937e-06 
4.0             3.87384930506   720.96609749    15.2066065698   14341409.8494   2.46222420412   2.02591087117   232.967167776   -15.387785148   12776238.5832   1365088.11873   -92.8068389827  -73.2744167968  3.54046006944   0.375           8.99112115722e-06 
4.0             3.87383521437   720.060859493   15.2045422758   14359554.3951   2.46226893088   2.0259434381    232.598313858   -15.3878817898  12795769.3694   1366077.45779   -92.7222791957  -65.8586290602  3.53908115195   0.375           1.00998553902e-05 
4.0             3.87382128194   719.139281701   15.2010303618   14375407.6778   2.46233281017   2.02599770967   232.209489256   -15.3927150535  12812931.5818   1366946.14648   -92.6425972243  -59.300150603   3.53656314542   0.375           1.12032998595e-05 
4.0             3.87380749975   718.203611941   15.1963158135   14389329.9471   2.46242703847   2.02608628333   231.811167379   -15.3961655852  12828251.2335   1367711.5712    -92.5672210055  -53.4898043907  3.53748864107   0.421875        1.23016435991e-05 
4.0             3.87379386064   717.255272928   15.1904231141   14401634.2492   2.46249377289   2.02614406258   231.395861951   -15.3935085984  12841823.7166   1368390.45588   -92.4956276485  -48.3334730375  3.53591478213   0.421875        1.33950590234e-05 
4.0             3.8737803582    716.295901408   15.1835420917   14412586.4893   2.46257274272   2.02621574061   230.976554025   -15.3967327768  12854292.7895   1368996.79675   -92.4273419441  -43.7498732645  3.53404513889   0.421875        1.44837020051e-05 
4.0             3.87376698673   715.326150896   15.1757421397   14422386.6606   2.46265811452   2.02629474016   230.551717276   -15.396121412   12865523.6054   1369537.16306   -92.3619360467  -39.668660234   3.53218482162   0.421875        1.55677175039e-05 
4.0             3.87375374107   714.347440404   15.167225731    14431196.821    2.46275251309   2.02638403459   230.122855124   -15.4001250875  12875899.6957   1370016.22777   -92.2990307588  -36.028842353   3.53078725218   0.421875        1.66472431881e-05 
4.0             3.87374061661   713.360107453   15.1581945871   14439179.2398   2.46280030023   2.02642098264   229.683223924   -15.4027057926  12885284.7787   1370442.56993   -92.2382934629  -32.7774551969  3.52986175653   0.421875        1.77224088545e-05 
4.0             3.87372760917   712.365378191   15.14875504     14446467.3654   2.46288763871   2.02650255493   229.250152387   -15.4041342901  12894161.7209   1370825.60906   -92.1794356368  -29.8684305662  3.5278158238    0.421875        1.87933370902e-05 
4.0             3.87371471504   711.363694209   15.1390862832   14453140.1108   2.46295797016   2.02656510339   228.810461696   -15.4045900628  12902522.5221   1371166.01204   -92.1222097923  -27.2616287605  3.52641825436   0.421875        1.98601465225e-05 
4.0             3.87370193076   710.355706631   15.1294597021   14459271.0643   2.463045663     2.02664728324   228.374028159   -15.4057035734  12910305.3036   1371463.89569   -92.066406922   -24.922019155   3.52502068491   0.421875        2.09229539875e-05 
4.0             3.87368925319   709.341672549   15.1201695042   14464939.3912   2.46312883176   2.02672447022   227.935943988   -15.4086106887  12917649.6591   1371721.32114   -92.011854256   -22.8189845625  3.52344682598   0.421875        2.19818752296e-05 
4.0             3.87367667928   708.322218121   15.1114091274   14470186.7685   2.4632020782    2.02679059547   227.493779805   -15.4073775041  12924516.4643   1371934.69846   -91.9584079504  -20.9257051669  3.52408586329   0.421875        2.30370377488e-05 
4.0             3.87366420619   707.297650069   15.1030850238   14475061.2806   2.46327412908   2.02685546676   227.055115157   -15.4083188236  12931219.1308   1372113.09916   -91.9059409333  -19.2186850629  3.52408586329   0.421875        2.40885641745e-05 
4.0             3.87365183141   706.268497583   15.0949722077   14479590.6506   2.46336330318   2.02693969876   226.621551141   -15.4150697705  12937481.7981   1372262.43217   -91.8543360008  -17.6773295237  3.52092881944   0.421875        2.51365580573e-05 
4.0             3.87363955262   705.234685718   15.0868411282   14483795.6663   2.46340769993   2.02697362951   226.171432613   -15.4089841357  12943327.6486   1372381.18571   -91.8034884757  -16.2835426915  3.52092881944   0.421875        2.61811140813e-05 
4.0             3.87362736768   704.196920929   15.0786250254   14487708.1884   2.46346232196   2.02701916209   225.724046158   -15.4068890944  12948841.1521   1372474.91294   -91.7533075207  -15.0213983399  3.51906850218   0.421875        2.72223198245e-05 
4.0             3.87361527457   703.155464757   15.0701771121   14491351.6295   2.46356849866   2.02712280061   225.295525873   -15.4129882496  12954229.386    1372546.51963   -91.7037153836  -13.8768583311  3.51814300653   0.421875        2.82602566613e-05 
4.0             3.8736032714    702.110443984   15.0615920291   14494726.8667   2.46365273363   2.02720183299   224.857685327   -15.4163706275  12959302.6684   1372592.14126   -91.6546477924  -12.8375273657  3.51627336329   0.421875        2.9295003652e-05 
4.0             3.87359135641   701.062234137   15.0528188866   14497866.6048   2.46373062064   2.02727381234   224.419313116   -15.4154064688  12964188.8831   1372615.61305   -91.6060534372  -11.8924476029  3.51580128949   0.421875        3.03266357407e-05 
4.0             3.87357952791   700.011301386   15.0439507307   14500785.9646   2.46377052697   2.02730313321   223.97833679    -15.4139829667  12968780.0739   1372622.7846    -91.5578914916  -11.0319183105  3.51422743056   0.421875        3.13552242474e-05 
4.0             3.87356778435   698.957617877   15.0349988587   14503503.7048   2.46384469304   2.02737108127   223.541295      -15.4152657898  12973195.2291   1372613.7452    -91.5101292229  -10.2473396617  3.51469950436   0.421875        3.23808374229e-05 
