4.0             3.8739518234    377.799129802   9.48173695134   14134129.9476   2.46171978938   2.02547077811   122.712495344   -10.9120961292  13380081.5419   353482.69268    -93.601628048   -160.943710777  3.57439503949   0.375           1.18304269315e-06 
4.0             3.8739346378    376.775871414   9.50069069843   14247389.4182   2.46178372887   2.02552138476   122.595363303   -10.8882207229  13495216.3742   358639.488841   -93.3038500894  -140.666048321  3.57346021787   0.375           2.47688398134e-06 
4.0             3.87391790218   375.565845942   9.51007904005   14306690.4152   2.46188749374   2.02561724316   122.346120386   -10.8713175136  13556689.2687   359436.788983   -93.0705586929  -123.269136748  3.57002604167   0.375           3.76067781126e-06 
4.0             3.87390153179   374.30186538    9.51477434828   14340760.6707   2.46197407921   2.02569409897   122.020371824   -10.850982121   13592942.9785   359021.215358   -92.8585186395  -108.27381501   3.56815639842   0.375           5.0376686718e-06 
4.0             3.87388548138   373.017079924   9.51526528384   14358084.8099   2.46201421112   2.02571894183   121.646554428   -10.8314072607  13612518.8803   358088.149233   -92.657720029   -95.3037117757  3.56425014842   0.375           6.30988191793e-06 
4.0             3.87386971977   371.72580457    9.51114224012   14362946.288    2.46208781432   2.0257817016    121.232761099   -10.81482343    13619475.1303   356864.602336   -92.4650235578  -84.0532926381  3.5603532244    0.375           7.57877108444e-06 
4.0             3.87385422367   370.434921533   9.50323880466   14358560.016    2.46221620418   2.02590635208   120.795953653   -10.8041157887  13617221.8241   355457.245975   -92.2790522976  -74.2708204702  3.55663258987   0.375           8.84539853338e-06 
4.0             3.87383897552   369.14847193    9.49241117854   14347027.5619   2.46229685508   2.02597749065   120.335130484   -10.7918252166  13607821.3336   353930.584887   -92.0989888055  -65.746900171   3.55272633987   0.375           1.01105015675e-05 
4.0             3.87382396169   367.868151417   9.47935081817   14330095.9012   2.46241361574   2.02608945756   119.862344428   -10.7820156217  13593061.3186   352322.152954   -91.9242338994  -58.3056703601  3.54723690496   0.375           1.13745933687e-05 
4.0             3.87380917123   366.595075841   9.46461421142   14309106.6336   2.46249650099   2.02616347071   119.376405162   -10.7691960002  13574243.0562   350659.288595   -91.7543002058  -51.7983202398  3.54659786764   0.375           1.26380419946e-05 
4.0             3.87379459503   365.329736706   9.44858990515   14284955.2527   2.46259507823   2.02625529155   118.883832422   -10.7609682714  13552193.7942   348959.806299   -91.5887737603  -46.0982646137  3.54286790713   0.41796875      1.39011177733e-05 
4.0             3.8737802254    364.071951757   9.43162767067   14258516.2348   2.46267293607   2.0263239747    118.383011935   -10.749021808   13527789.3096   347236.92667    -91.4272961718  -41.0974047861  3.54083130038   0.41796875      1.51640232086e-05 
4.0             3.8737660557    362.821664418   9.41403946101   14230339.8413   2.46274499419   2.02638629015   117.877962069   -10.7386420191  13501617.5134   345499.48062    -91.2695542541  -36.7031554029  3.53383412718   0.41796875      1.64269112829e-05 
4.0             3.87375208012   361.578627858   9.39595704776   14200881.4842   2.46284882112   2.0264845157    117.377152341   -10.7298365916  13474218.946    343754.424181   -91.1152720209  -32.8360192115  3.53114915713   0.41796875      1.76899004454e-05 
4.0             3.87373829349   360.342784336   9.37762439574   14170643.2585   2.46295823007   2.02658916999   116.874984693   -10.72174706    13446044.6843   342007.24846    -90.9642057795  -29.4275986669  3.52881676607   0.41796875      1.89530837927e-05 
4.0             3.8737246912    359.11371284    9.35912278147   14139812.7438   2.46304287456   2.02666608869   116.374852109   -10.7124605179  13417271.2109   340261.308958   -90.8161388165  -26.4189440738  3.52537326389   0.41796875      2.02165349154e-05 
4.0             3.87371126905   357.891473615   9.34056497699   14108668.7308   2.46311491495   2.02672894776   115.874623836   -10.7013312613  13388136.0356   338520.377987   -90.6708777806  -23.7591664401  3.52379940496   0.41796875      2.1480313444e-05 
4.0             3.87369802321   356.675757637   9.32203424161   14077454.4741   2.46319960096   2.02680617944   115.376046022   -10.6911545418  13358885.0769   336786.528116   -90.5282492869  -21.4042710955  3.52035590278   0.41796875      2.27444690087e-05 
4.0             3.87368495013   355.466458383   9.3035828816    14046254.3337   2.46328209811   2.02688108297   114.879133212   -10.6805671939  13329657.719    335060.490634   -90.3880971957  -19.3161720099  3.51942108116   0.41796875      2.40090439605e-05 
4.0             3.87367204656   354.26336757    9.28526060263   14015202.138    2.46336786006   2.02695979297   114.389980589   -10.6736509513  13300593.7379   333342.882534   -90.2502807196  -17.4618573246  3.51626403731   0.41796875      2.52740741822e-05 
4.0             3.87365930943   353.066496412   9.26709672188   13984337.8806   2.4634486395    2.0270330209    113.901686298   -10.6637047287  13271716.1688   331635.99507    -90.1146722585  -15.8126761301  3.51393164624   0.421875        2.65395913995e-05 
4.0             3.87364673588   351.875640127   9.2490991867    13953784.7718   2.46351876473   2.0270943727    113.416251598   -10.6548328037  13243086.6334   329939.73135    -89.981156087   -14.3437320346  3.51207132898   0.421875        2.78056241059e-05 
4.0             3.87363432323   350.690822044   9.23130363364   13923577.3892   2.46358155801   2.02714759839   112.934666468   -10.6464567714  13214852.281    328255.750035   -89.8496267089  -13.0333653003  3.51050679602   0.421875        2.90721979015e-05 
4.0             3.87362206894   349.511911611   9.21373008832   13893763.4746   2.46362131      2.02717501208   112.452682727   -10.6325905121  13186914.5723   326583.144618   -89.7199875504  -11.8627084603  3.50770233116   0.421875        3.03393368602e-05 
4.0             3.8736099706    348.338935379   9.19634420878   13864284.4913   2.4637247481    2.02727421807   111.979766294   -10.6239041764  13159350.3219   324922.381152   -89.5921504282  -10.8153070965  3.50630476171   0.421875        3.16070632478e-05 
4.0             3.87359802591   347.171777387   9.1791770942    13835257.5193   2.46383005327   2.02737564507   111.511202042   -10.6173226154  13132259.5074   323272.896184   -89.4660341624  -9.87679286321  3.50268497004   0.421875        3.2875399032e-05 
4.0             3.87358623271   346.010556757   9.162223335     13806620.2722   2.4639177662    2.02745738486   111.043427329   -10.6067792241  13105490.2815   321635.232677   -89.3415642324  -9.03460483449  3.49935163671   0.421875        3.41443645655e-05 
4.0             3.87357458892   344.855086465   9.14548090464   13778379.6859   2.46401443165   2.02754930936   110.582590056   -10.5995500459  13079157.5849   320010.3849     -89.2186721775  -8.27774831258  3.49619459287   0.421875        3.54139791082e-05 
4.0             3.87356309254   343.705789027   9.12896831409   13750572.5849   2.46410412936   2.02763349979   110.122859982   -10.5893371911  13053240.3455   318399.248548   -89.0972939198  -7.59658739191  3.49293670616   0.421875        3.66842612337e-05 
4.0             3.87355174167   342.562218422   9.11267605022   13723157.412    2.46418778517   2.02771099289   109.664294964   -10.5771363569  13027623.3416   316800.946768   -88.97736943    -6.98266671041  3.49061364107   0.421875        3.79552283569e-05 
