4.0             3.87396136524   1063.75784762   20.5335967629   22005102.1378   2.46167490238   2.02543210423   350.811214677   -19.3796861519  19335104.3044   3410926.6013    -93.8851098882  -173.485511218  3.52325188453   0.375           4.75184856902e-07 
4.0             3.87395448729   1065.039714     20.5700525548   22252665.3374   2.46169849597   2.02545024549   351.339957563   -19.3885456227  19577698.2415   3498388.96882   -93.7293569132  -164.581817112  3.51999399782   0.375           9.78004501518e-07 
4.0             3.87394773647   1066.1187632    20.6027180996   22456968.3842   2.46171123309   2.02545631341   351.727046545   -19.3924677691  19777911.4567   3548415.24332   -93.6318288913  -156.266545057  3.51842013889   0.375           1.47501145767e-06 
4.0             3.87394106576   1067.1510214    20.6335812598   22613966.5567   2.46177208593   2.025516612     352.103476577   -19.4036729538  19931365.3278   3588467.64692   -93.5678627164  -148.462761608  3.51748531727   0.375           1.96832242352e-06 
4.0             3.87393445687   1068.1478352    20.6628821026   22737235.8317   2.46179142909   2.02553026121   352.443604648   -19.4087590406  20050727.7485   3625175.87039   -93.5253185441  -141.127578253  3.51878204384   0.375           2.45845215544e-06 
4.0             3.87392789846   1069.11549711   20.6906642596   22823919.1117   2.46182517402   2.02556018328   352.76889556    -19.4125737235  20133551.405    3660123.45566   -93.4978685578  -134.226250739  3.51749464324   0.375           2.94563483196e-06 
4.0             3.87392138246   1070.05267473   20.7170729272   22878681.5059   2.46185678797   2.02558775913   353.084686908   -19.4206774606  20184560.4089   3694009.36853   -93.4821011471  -127.728365875  3.51358839324   0.375           3.43000199886e-06 
4.0             3.87391490206   1070.95637497   20.742062592    22904935.4261   2.46191167523   2.02564156299   353.385350635   -19.4346858523  20207271.8786   3726835.57626   -93.4761194419  -121.606527739  3.51171875      0.375           3.9116372428e-06 
4.0             3.87390845172   1071.82540586   20.7657459502   22906510.2315   2.46193046613   2.0256547774    353.653648387   -19.4423391655  20205364.4476   3758541.88263   -93.4787475901  -115.835587524  3.50967281727   0.375           4.390610486e-06 
4.0             3.8739020265    1072.65921976   20.7881230396   22887646.6963   2.46195943937   2.0256794835    353.906990335   -19.4471524733  20182947.5965   3788950.90194   -93.4890859256  -110.392366388  3.50809895833   0.375           4.86698350536e-06 
4.0             3.87389562183   1073.45690251   20.8092854025   22853828.0623   2.46201765298   2.02573712029   354.152052671   -19.4552832922  20145951.6318   3817905.64801   -93.5062981462  -105.255427802  3.50641493056   0.43359375      5.34081475348e-06 
4.0             3.87388923384   1074.21730494   20.8292787846   22808524.9344   2.46205901208   2.02577581416   354.379406132   -19.4667429504  20097478.3483   3845099.62607   -93.5295504128  -100.40490114   3.5073404262    0.43359375      5.81216239176e-06 
4.0             3.87388285911   1074.94048414   20.8481448043   22756749.1046   2.46206378794   2.02577335428   354.567397241   -19.4732285444  20042403.7189   3870493.77948   -93.5579929041  -95.8223548255  3.50671071487   0.43359375      6.28108444501e-06 
4.0             3.87387649493   1075.62480312   20.8659380999   22705089.3983   2.46211608282   2.02582438714   354.758459623   -19.4864866081  19987758.016    3893969.06873   -93.590756562   -91.4906767496  3.50576656727   0.43359375      6.74763941705e-06 
4.0             3.87387013881   1076.26988616   20.8827922384   22659013.6958   2.46215421543   2.02585949689   354.9332408     -19.497530079   19938899.5681   3915583.45674   -93.6269273712  -87.3939320234  3.50530381944   0.43359375      7.21189088829e-06 
4.0             3.87386378875   1076.87788532   20.8986924103   22615436.3298   2.46218015063   2.02588089243   355.084282398   -19.5070789875  19892448.4944   3935590.2804    -93.6654960671  -83.5173363958  3.50846086329   0.43359375      7.67390045407e-06 
4.0             3.87385744311   1077.45060193   20.9137901419   22574842.0764   2.46219360372   2.02588825166   355.213568034   -19.5115713813  19849039.2315   3954106.21647   -93.7053488375  -79.847155466   3.50548010893   0.43359375      8.13372878282e-06 
4.0             3.87385109994   1077.98980717   20.9279411021   22538222.7192   2.46223027702   2.02592174785   355.335168567   -19.5211666635  19809786.9561   3971163.76019   -93.7454947699  -76.3706291508  3.5034341762    0.43359375      8.59143469524e-06 
4.0             3.87384475691   1078.49910567   20.941497511    22502044.3752   2.46225043996   2.02593667009   355.44229531    -19.5307073471  19771247.5622   3986690.50667   -93.7850973065  -73.0758817798  3.49953725218   0.43359375      9.04707701347e-06 
4.0             3.8738384189    1078.97696804   20.9544047242   22473481.918    2.46229255899   2.02597630399   355.543615094   -19.5414025392  19740328.2874   4000971.76264   -93.8236995644  -69.9518719187  3.49749131944   0.43359375      9.50071204591e-06 
4.0             3.87383208569   1079.42332772   20.9666615052   22454048.5373   2.4623191429    2.02599846521   355.623514909   -19.5488090497  19718559.611    4014178.61126   -93.8613213191  -66.9882863426  3.49749131944   0.4375          9.95239987298e-06 
4.0             3.87382575611   1079.83823743   20.9781594837   22445222.1492   2.46235496684   2.02603103436   355.689724642   -19.5568402642  19707320.743    4026279.57178   -93.8978220945  -64.1754926489  3.49655649782   0.4375          1.04022038252e-05 
4.0             3.8738194298    1080.22155293   20.9892106247   22446251.2587   2.46237690491   2.02604798893   355.744800611   -19.5636483868  19706361.5629   4037467.18811   -93.9328382497  -61.504497964   3.49702857162   0.4375          1.08501893922e-05 
4.0             3.87381310759   1080.57564705   20.9998887838   22455155.4333   2.4624095349    2.02607697967   355.793525389   -19.5752320426  19713407.6813   4047877.82571   -93.9663704998  -58.9669581089  3.49655649782   0.4375          1.12964143723e-05 
4.0             3.87380678999   1080.90122299   21.0100718442   22473343.6547   2.46244057812   2.02610419382   355.82787291    -19.5828580072  19729625.0179   4057598.38662   -93.9983546219  -56.5550776964  3.49468685458   0.4375          1.17409373833e-05 
4.0             3.87380047716   1081.19938682   21.0199231279   22500250.1673   2.46250175688   2.02616532765   355.862380647   -19.5923882915  19754792.7774   4066785.76948   -94.02881498    -54.2615793851  3.49468685458   0.4375          1.21838161675e-05 
4.0             3.87379416907   1081.4702223    21.0293748183   22535942.2144   2.46251702293   2.026174801     355.873268325   -19.5971259083  19788845.9633   4075425.63624   -94.0578603994  -52.0796605968  3.4956216762    0.4375          1.26251086351e-05 
4.0             3.87378786535   1081.71628147   21.0383789169   22578126.5259   2.46252862336   2.02618015685   355.867280156   -19.5998477036  19829343.2862   4083717.28346   -94.0856400624  -50.0029844153  3.49247395833   0.4375          1.3064867475e-05 
4.0             3.87378156563   1081.93976273   21.0470501361   22624161.5922   2.46255762166   2.02620510281   355.862873976   -19.607404058   19873884.4562   4091872.53492   -94.1122223455  -48.0256553613  3.49247395833   0.4375          1.35031372858e-05 
4.0             3.87377527156   1082.1408752    21.0555806125   22674966.641    2.46260482649   2.02625053843   355.857453679   -19.6202386056  19923247.6121   4099709.83974   -94.1377167908  -46.1421697471  3.4909000994    0.4375          1.39399577031e-05 
